111
-211
211
-321
321
311
-311
221
213
113
-213
223
323
-323
313
-313
2212
-2212
2112
-2112
331
9000211
-9000211
9000111
9010221
333
-3122
3122
10223
3222
-3222
3212
-3212
-3112
3112
10113
-10213
10213
20113
-20213
20213
2224
-2224
-2214
2214
2114
1114
-1114
-2114
-10313
-10323
10323
10313
225
100221
-100211
100211
100111
3322
-3322
3312
-3312
10221
-9000213
9000113
9000213
-215
215
115
20223
3224
-3224
3214
-3214
3114
-3114
-20323
20313
-20313
-13122
20323
13122
9020221
100223
100323
100313
-100313
-100323
10333
10321
10311
-10321
-10311
20333
325
-325
9000225
-315
315
-12212
-12112
12112
12212
100321
100311
-100311
-100321
100113
-100213
100213
10111
-10211
10211
100331
-2124
1214
-1214
2124
335
9000223
3124
-3124
22212
22112
-22112
-22212
3324
-3324
3314
-3314
9010225
9030221
7030213
-32224
-32214
32224
7030113
32214
-7030213
-32114
-31114
31114
32114
9000315
-9000315
9833114
9000325
-9833224
-9833214
-9833114
-9000325
9833224
9833214
9010223
23122
-23122
2122
1112
1212
-2122
-1212
-2222
-1112
2222
10225
-9833112
-9823324
9833222
9833212
-9833222
-9833212
9823314
-9823314
9823324
9833112
-7010323
-7010313
7010313
7010323
9020225
-32212
-32112
32212
32112
-9020213
9020213
9020113
13212
13222
13112
-13112
-13222
-13212
9010113
-9010213
9010213
227
30223
10115
10215
-10215
-9000323
9000323
9000313
-9000313
-3334
3334
-33122
33122
-2116
-13114
2216
13224
13214
13114
2116
-2216
-13224
-13214
100333
12116
-12216
12216
-12116
-217
117
217
-13124
13124
203322
-203322
203312
-203312
9000215
-9000215
9000115
10331
-12114
-12224
-42112
-11114
12214
42212
42112
11114
12224
-12214
12114
-42212
-9863122
9863122
9832222
9831112
-9831112
9832122
-9832122
9831212
-9831212
-9832222
30313
-30313
30323
-30323
-30213
31214
30113
30213
21214
22124
-22124
-21214
-32124
32124
-31214
23112
23222
-23212
-23112
23212
-23222
9040221
-10325
-10315
10325
10315
-3216
3226
3116
3216
-3226
-3116
317
-317
327
-327
-9843114
9843214
9843224
-9843214
-9843224
9843114
53122
-53122
43122
-43122
9010211
-9010211
9010111
9030225
-20315
-20325
20315
20325
-3126
3126
13324
-13314
-13324
13314
-13126
13126
7200221
10335
337
-12122
-11212
-12222
-11112
12122
12222
11212
11112
-7110215
9010311
7110215
-9010321
9010321
7110115
-9010311
-9811214
9811214
9812124
-9812124
1116
1216
2126
-1216
9843112
-9843222
-9843212
-1116
-2226
-2126
9843212
2226
9852112
9852212
9843222
-9843112
-9852212
-9852112
9030213
-9030213
9030113
-9822216
9822216
9822116
-9822116
23124
-23124
9862112
-9862112
-9862212
9862212
-22222
22122
21112
21212
-21112
-21212
-22122
22222
9040225
23214
23114
-23114
23224
-23224
-23214
-13216
-13226
-13116
13116
13216
13226
-9842124
-9841214
-22224
-22214
-22114
-21114
21114
22114
22214
22224
9841214
9842124
-9853222
-9853212
-9853112
9853112
9853212
9853222
-2228
-2218
-2118
-1118
1118
2118
2218
2228
-7110211
7110111
7110211
9050225
-9853224
-9853214
-9853114
9853114
9853214
9853224
-9020321
-9020311
9020311
9020321
-103326
-103316
-12226
-12126
-11216
-11116
11116
11216
12126
12226
103316
103326
-7210215
7210115
7210215
-219
119
219
-9000217
9000117
9000217
9050221
-9010325
-9010315
9010315
9010325
-9873122
-9842224
-9842214
-9842114
-9841114
-9832216
-9832116
-9821116
9832116
9832216
9841114
9842114
9842214
9842224
9873122
-9863224
-9863214
-9863114
9863114
9863214
9863224
9060225
-9813334
9813334
229
-9812128
-9811218
9811218
9812128
-203326
-203316
203316
203326
-3228
-3218
-3118
3118
3218
3228
-9852124
-9851214
9852124
9851214
9833124
-9833124
9823116
-9823116
-9823216
-9823226
9823226
9823216
9843124
-9843124
9833126
-9833126
9813128
-9813128
9060221
9010215
-9873214
-9873224
-9010215
-23126
23126
-9873114
9873214
9873114
9873224
9010115
-9872212
-9872112
-9842216
-9822226
9842116
9822226
9822126
9821216
9821116
9813228
9813218
9813118
3128
-3128
-9813118
-9813218
-9813228
-9821216
-9822126
9842216
9872112
9872212
-9842116
9863212
-9863222
9863112
-9863112
-9863212
9863222
9861214
9803318
9803328
-9803328
-9861214
-9862124
-9803318
9862124
9040213
9040113
-9040213
-9841112
9842222
-9842222
-9842122
-9841212
9841212
9842122
9841112
9070225
7200333
2128
-1218
1218
-2128
9070221
9812218
9812118
-9010217
9811118
-9812228
-9811118
-9812118
9010117
9812228
9010217
-9812218
9080221
9000229
-9883214
-9883114
-9883224
9883214
9883224
9883114
-9020325
9020315
9020325
-9020315
9902118
-329
-9833116
-9903328
-9903318
-9833216
-9833226
319
9902218
9903318
9903328
329
9833116
9833216
9833226
-9902218
-319
-9902118
-203338
203338
-9912218
9912118
9912218
-9912118
9080225
9882212
9882112
-9882112
-9882212
9902228
9902128
-9902128
-9901218
9901218
-9902228
9901118
-9901118
9010229
9010327
7030331
-9010317
9010317
-9010327
9853124
-9853124
8000211
8000111
-8000211
7300221
9090225
9831116
-9831116
9832226
9903128
-9831216
-9832126
-9832226
-9903128
9831216
9832126
9913318
9913328
-9913328
-9913318
8200313
8200323
-8200323
-8200313
9803336
-9803336
9822228
9822218
9822118
9821118
-9821118
-9822118
-9822218
-9822228
9902222
9902122
9901212
9901112
-9901112
-9901212
-9902122
-9902222
-9893214
-9893224
9893214
9893224
-9893114
9893114
8000223
9912228
-9911218
-9912228
9911218
9912128
-9912128
-9911118
9911118
-9903332
9903332
9000319
-9000319
9000329
-9000329
9903312
9903322
-9903322
-9903312
9852116
-9852116
9852216
-9852216
9902112
-9902112
-9902212
9902212
9902214
9902114
-9902114
-9902214
9843226
9843116
9843216
-9843216
-9843116
-9843226
-9902224
9901214
9902224
9901114
-9902124
-9901214
-9901114
9902124
9902126
9901116
9902226
-9901216
-9902226
9901216
-9901116
-9902126
-9823218
-9823228
9823228
9823118
-9823118
9823218
